resources/tests/miscdata/GeoRasterValue/dem.asc
ncols        20
nrows        20
xllcorner    679060.434295200044
yllcorner    131916.448877479997
dx           38.857422340999
dy           52.181916474500
 98.97081756591796875 99.2016143798828125 99.09844207763671875 99.04993438720703125 99.0849609375 99.109832763671875 99.10376739501953125 99.09564208984375 99.0970916748046875 99.10076141357421875 99.100555419921875 99.096466064453125 99.09459686279296875 99.10234832763671875 99.10802459716796875 99.08266448974609375 99.0471038818359375 99.09542083740234375 99.19863128662109375 98.96659088134765625
 95.34233856201171875 95.74073028564453125 95.83295440673828125 95.8974609375 95.98047637939453125 96.0379791259765625 96.06255340576171875 96.07541656494140625 96.08669281005859375 96.0935211181640625 96.09268951416015625 96.08417510986328125 96.07122039794921875 96.0566864013671875 96.030426025390625 95.97113800048828125 95.88626861572265625 95.8200225830078125 95.72601318359375 95.3246917724609375
 90.59149932861328125 91.1523895263671875 91.45972442626953125 91.66501617431640625 91.820770263671875 91.92963409423828125 91.99875640869140625 92.04280853271484375 92.07050323486328125 92.083587646484375 92.081939697265625 92.0655517578125 92.0345458984375 91.9871673583984375 91.9146728515625 91.802337646484375 91.64301300048828125 91.43402862548828125 91.12270355224609375 90.55695343017578125
 85.8412933349609375 86.4477996826171875 86.8627166748046875 87.1556396484375 87.36769866943359375 87.5187835693359375 87.6228790283203125 87.6919708251953125 87.7340240478515625 87.753021240234375 87.7505035400390625 87.72647857666015625 87.67937469482421875 93.440487729641063197 97.500598907470703125 93.091659163221038398 87.1222076416015625 86.82373046875 86.4029388427734375 85.78998565673828125
 81.41771697998046875 81.97708892822265625 82.39908599853515625 82.71387481689453125 88.726863202596703672 93.156703948974609375 93.26845550537109375 89.181954285759388767 83.36945343017578125 83.39166259765625 83.38828277587890625 83.3592987060546875 89.164464965114049733 97.325411928562061803 93.08652496337890625 92.8778533935546875 82.66918182373046875 82.34716796875 81.91773223876953125 81.3506317138671875
 77.2742919921875 77.74413299560546875 78.11768341064453125 78.4080352783203125 88.601329803466796875 88.79462432861328125 88.914031982421875 93.101531126838267483 84.923396704751709763 79.06769561767578125 79.0634613037109375 84.911231555183036335 93.079095825901575267 88.8842620849609375 89.712296354240706364 87.601047182659243617 78.35231781005859375 78.05318450927734375 77.67078399658203125 77.19202423095703125
 73.3209228515625 73.6865081787109375 73.9860076904296875 74.225189208984375 83.412306259090172489 84.587032318115234375 85.623352311870519316 84.72780609130859375 88.872105004232665237 80.676329565962433321 74.7845916748046875 84.74347686767578125 84.702362060546875 85.587429878528652694 83.527312410407731136 74.3553466796875 74.1585845947265625 73.9090728759765625 73.5992889404296875 73.22354888916015625
 69.49248504638671875 69.7496795654296875 69.96382904052734375 70.13747406005859375 70.2745361328125 70.3794403076171875 79.483894087055261934 81.476607985690520763 80.54107666015625 84.649338768998504179 79.92103559044663541 84.610992417121579479 80.479827880859375 80.40290069580078125 70.3259735107421875 70.20904541015625 70.059967041015625 69.874359130859375 69.6483917236328125 69.379638671875
 65.74334716796875 65.89147186279296875 66.015289306640625 66.11592864990234375 66.19533538818359375 66.25579833984375 66.29964447021484375 75.364113144680572987 77.308961397186038766 76.349822998046875 83.194075660538345574 76.3251495361328125 77.272813899013513605 75.275628329210022116 66.19489288330078125 66.12064361572265625 66.0274200439453125 65.91302490234375 65.77565765380859375 65.614349365234375
 62.038562774658203125 62.077617645263671875 62.108867645263671875 62.132843017578125 62.1502838134765625 62.16202545166015625 62.168872833251953125 62.1715240478515625 72.1688690185546875 72.1662139892578125 72.1587677001953125 75.477900187174483904 71.168500798252111395 62.1161651611328125 62.093860626220703125 62.06645965576171875 62.033233642578125 61.993473052978515625 61.946624755859375 61.89240264892578125
 58.348361968994140625 58.277988433837890625 58.215667724609375 58.16156768798828125 58.115497589111328125 58.0770263671875 58.045597076416015625 58.020641326904296875 67.049265762541182312 68.947074712339272651 67.98007965087890625 73.326574366702033103 68.608221976972046718 67.98233795166015625 67.996011734008789062 63.976572105287239367 58.050884246826171875 58.086818695068359375 58.131053924560546875 58.18377685546875
 54.644542694091796875 54.46364974975585227 54.307491302490234375 54.17571258544921875 54.06696319580078125 53.979320526123046875 53.91068267822265625 53.85906219482421875 53.82279205322265625 63.807399749755859375 63.7920074462890625 63.7967071533203125 63.8152008056640625 63.8485107421875 63.898162841796875 67.972474983335800403 60.038471941803940979 54.165073394775390625 54.300014495849609375 54.460010528564453125
 50.897247314453125 50.604114532470703125 50.35491943359375 50.148082733154296875 49.980289459228515625 49.84740447998046875 49.745227813720703125 49.66999053955078125 49.61865997314453125 59.599384307861328125 59.580108642578125 59.5915374755859375 60.570102142726625516 59.656850814819335938 60.746013882502822412 59.8725128173828125 60.035940170288085938 50.199367523193359375 50.423267364501953125 50.691066741943359375
 47.071216583251953125 46.66420745849609375 46.325225830078125 46.049724578857421875 45.830654144287109375 45.660308837890625 45.5315093994140625 45.43819427490234375 45.37569427490234375 55.353755950927734375 55.331817626953125 56.273608036413577338 54.486626220310483859 45.465190887451171875 54.591689822331154858 55.676984786987304688 55.02551039325068416 46.158111572265625 46.46634674072265625 46.841663360595703125
 43.119964599609375 42.59966278076171875 42.18006134033203125 41.8494110107421875 41.593433380126953125 41.398807525634765625 41.2544097900390625 41.15148162841796875 41.08358001708984375 51.060735702514648438 51.037891387939453125 51.072507858276367188 41.10712432861328125 41.1900787353515625 41.312183380126953125 41.481456756591796875 41.7082672119140625 42.005306243896484375 42.386791229248046875 42.86579132080078125
 38.975925445556640625 38.351123809814453125 37.874248504638671875 37.51555633544921875 37.2471466064453125 37.048313140869140625 36.904048919677734375 36.803073883056640625 36.737354278564453125 46.715837478637695312 46.6943206787109375 50.865883978637064899 42.634709588227011068 36.845867156982421875 36.968715667724609375 37.142169952392578125 37.379901885986328125 37.70050811767578125 38.12969207763671875 38.69776153564453125
 34.542728424072265625 33.84539031982421875 33.36629486083984375 33.0303497314453125 32.786403656005859375 32.60968780517578125 32.48529815673828125 32.4003753662109375 32.3455657958984375 41.450165069083197977 43.215040860167825088 42.327175140380859375 42.382778167724609375 32.438381195068359375 32.54404449462890625 32.69773101806640625 32.913440704345703125 33.211124420166015625 33.6321868896484375 34.2467498779296875
 29.762414932250976562 29.069135665893554688 28.693878173828125 28.4594268798828125 28.282878875732421875 28.153882980346679688 28.069234848022460938 28.0146636962890625 27.978641510009765625 27.958269119262695312 37.962376594543457031 37.96648406982421875 42.160143875926380019 34.028477207699339147 28.108905792236328125 28.219614028930664062 28.377985000610351562 28.586576461791992188 28.898290634155273438 29.46591949462890625
 24.956243515014648438 24.36991119384765625 24.218412399291992188 24.156633377075195312 24.071695327758789062 23.999847412109375 23.964689254760742188 23.947944641113284803 23.933443069458007812 23.922391891479492188 32.913070274211584376 35.32397684750689848 33.93982696533203125 33.95893096923828125 23.978034973144527697 24.036617279052734375 24.121194839477539062 24.187168121337890625 24.281152725219726562 24.684049606323242188
 21.275758743286132812 20.812360763549804688 20.87026214599609375 20.953643798828125 20.933319091796875 20.897533416748046875 20.896221160888671875 20.905740737915039062 20.9049072265625 20.898988723754882812 20.898151397705078125 30.902189254760742188 30.90622711181640625 30.899066925048828125 20.891906738281253553 20.917194366455078125 20.952922821044921875 20.904325485229492188 20.800533294677734375 21.033643722534179688
